Main: Beginning execution
     0 0x7fff5237f6b0    0   1   2   3   4   5   6   7   8   9
     1 0x7fff5239f6d0    0   1   2   3   4   5   6   7   8   9
     2 0x7fff523bf6f0    0   1   2   3   4   5   6   7   8   9
     3 0x7fff523df710    0   1   2   3   4   5   6   7   8   9
     4 0x7fff523ff730    0   1   2   3   4   5   6   7   8   9
     5 0x7fff5241f750    0   1   2   3   4   5   6   7   8   9
     6 0x7fff5243f770    0   1   2   3   4   5   6   7   8   9
     7 0x7fff5245f790    0   1   2   3   4   5   6   7   8   9
     8 0x7fff5247f7b0    0   1   2   3   4   5   6   7   8   9
     9 0x7fff5249f7d0    0   1   2   3   4   5   6   7   8   9
    10 0x7fff524bf7f0    0   1   2   3   4   5   6   7   8   9
    11 0x7fff524df810    0   1   2   3   4   5   6   7   8   9
    12 0x7fff524ff830    0   1   2   3   4   5   6   7   8   9
    13 0x7fff5251f850    0   1   2   3   4   5   6   7   8   9
    14 0x7fff5253f870    0   1   2   3   4   5   6   7   8   9
    15 0x7fff5255f890    0   1   2   3   4   5   6   7   8   9
    16 0x7fff5257f8b0    0   1   2   3   4   5   6   7   8   9
    17 0x7fff5259f8d0    0   1   2   3   4   5   6   7   8   9
    18 0x7fff525bf8f0    0   1   2   3   4   5   6   7   8   9
    19 0x7fff525df910    0   1   2   3   4   5   6   7   8   9
    20 0x7fff525ff930    0   1   2   3   4   5   6   7   8   9
    21 0x7fff5261f950    0   1   2   3   4   5   6   7   8   9
    22 0x7fff5263f970    0   1   2   3   4   5   6   7   8   9
    23 0x7fff5265f990    0   1   2   3   4   5   6   7   8   9
    24 0x7fff5267f9b0    0   1   2   3   4   5   6   7   8   9
    25 0x7fff5269f9d0    0   1   2   3   4   5   6   7   8   9
    26 0x7fff526bf9f0    0   1   2   3   4   5   6   7   8   9
    27 0x7fff526dfa10    0   1   2   3   4   5   6   7   8   9
    28 0x7fff526ffa30    0   1   2   3   4   5   6   7   8   9
    29 0x7fff5271fa50    0   1   2   3   4   5   6   7   8   9


Main:  and this is why arrays are evil 
    -1 0x7fff5235f690    0   1   2   3   4   5   6   7   8   9
    -2 0x7fff5233f670    0   1   2   3   4   5   6   7   8   9
    -3 0x7fff5231f650    0   1   2   3   4   5   6   7   8   9
    -4 0x7fff522ff630    0   1   2   3   4   5   6   7   8   9
    -5 0x7fff522df610    0   1   2   3   4   5   6   7   8   9
    -6 0x7fff522bf5f0    0   1   2   3   4   5   6   7   8   9
    -7 0x7fff5229f5d0    0   1   2   3   4   5   6   7   8   9
    -8 0x7fff5227f5b0    0   1   2   3   4   5   6   7   8   9
    -9 0x7fff5225f590    0   1   2   3   4   5   6   7   8   9
   -10 0x7fff5223f570    0   1   2   3   4   5   6   7   8   9
   -11 0x7fff5221f550    0   1   2   3   4   5   6   7   8   9
   -12 0x7fff521ff530    0   1   2   3   4   5   6   7   8   9
   -13 0x7fff521df510    0   1   2   3   4   5   6   7   8   9
   -14 0x7fff521bf4f0    0   1   2   3   4   5   6   7   8   9
   -15 0x7fff5219f4d0    0   1   2   3   4   5   6   7   8   9
   -16 0x7fff5217f4b0    0   1   2   3   4   5   6   7   8   9
   -17 0x7fff5215f490    0   1   2   3   4   5   6   7   8   9
   -18 0x7fff5213f470    0   1   2   3   4   5   6   7   8   9
   -19 0x7fff5211f450    0   1   2   3   4   5   6   7   8   9


    30 0x7fff5273fa70    0   0   0   0138333253632767-196396498332767-196396498332767
