Main: Beginning execution
     0 0x7fff580e46c0    0   1   2   3   4   5   6   7   8   9
     1 0x7fff581046e0    0   1   2   3   4   5   6   7   8   9
     2 0x7fff58124700    0   1   2   3   4   5   6   7   8   9
     3 0x7fff58144720    0   1   2   3   4   5   6   7   8   9
     4 0x7fff58164740    0   1   2   3   4   5   6   7   8   9
     5 0x7fff58184760    0   1   2   3   4   5   6   7   8   9
     6 0x7fff581a4780    0   1   2   3   4   5   6   7   8   9
     7 0x7fff581c47a0    0   1   2   3   4   5   6   7   8   9
     8 0x7fff581e47c0    0   1   2   3   4   5   6   7   8   9
     9 0x7fff582047e0    0   1   2   3   4   5   6   7   8   9
    10 0x7fff58224800    0   1   2   3   4   5   6   7   8   9
    11 0x7fff58244820    0   1   2   3   4   5   6   7   8   9
    12 0x7fff58264840    0   1   2   3   4   5   6   7   8   9
    13 0x7fff58284860    0   1   2   3   4   5   6   7   8   9
    14 0x7fff582a4880    0   1   2   3   4   5   6   7   8   9
    15 0x7fff582c48a0    0   1   2   3   4   5   6   7   8   9
    16 0x7fff582e48c0    0   1   2   3   4   5   6   7   8   9
    17 0x7fff583048e0    0   1   2   3   4   5   6   7   8   9
    18 0x7fff58324900    0   1   2   3   4   5   6   7   8   9
    19 0x7fff58344920    0   1   2   3   4   5   6   7   8   9
    20 0x7fff58364940    0   1   2   3   4   5   6   7   8   9
    21 0x7fff58384960    0   1   2   3   4   5   6   7   8   9
    22 0x7fff583a4980    0   1   2   3   4   5   6   7   8   9
    23 0x7fff583c49a0    0   1   2   3   4   5   6   7   8   9
    24 0x7fff583e49c0    0   1   2   3   4   5   6   7   8   9
    25 0x7fff584049e0    0   1   2   3   4   5   6   7   8   9
    26 0x7fff58424a00    0   1   2   3   4   5   6   7   8   9
    27 0x7fff58444a20    0   1   2   3   4   5   6   7   8   9
    28 0x7fff58464a40    0   1   2   3   4   5   6   7   8   9
    29 0x7fff58484a60    0   1   2   3   4   5   6   7   8   9


Main:  and this is why arrays are evil 
    -1 0x7fff580c46a0    0   1   2   3   4   5   6   7   8   9
    -2 0x7fff580a4680    0   1   2   3   4   5   6   7   8   9
    -3 0x7fff58084660    0   1   2   3   4   5   6   7   8   9
    -4 0x7fff58064640    0   1   2   3   4   5   6   7   8   9
    -5 0x7fff58044620    0   1   2   3   4   5   6   7   8   9
    -6 0x7fff58024600    0   1   2   3   4   5   6   7   8   9
    -7 0x7fff580045e0    0   1   2   3   4   5   6   7   8   9
    -8 0x7fff57fe45c0    0   1   2   3   4   5   6   7   8   9
    -9 0x7fff57fc45a0    0   1   2   3   4   5   6   7   8   9
   -10 0x7fff57fa4580    0   1   2   3   4   5   6   7   8   9
   -11 0x7fff57f84560    0   1   2   3   4   5   6   7   8   9
   -12 0x7fff57f64540    0   1   2   3   4   5   6   7   8   9
   -13 0x7fff57f44520    0   1   2   3   4   5   6   7   8   9
   -14 0x7fff57f24500    0   1   2   3   4   5   6   7   8   9
   -15 0x7fff57f044e0    0   1   2   3   4   5   6   7   8   9
   -16 0x7fff57ee44c0    0   1   2   3   4   5   6   7   8   9
   -17 0x7fff57ec44a0    0   1   2   3   4   5   6   7   8   9
   -18 0x7fff57ea4480    0   1   2   3   4   5   6   7   8   9
   -19 0x7fff57e84460    0   1   2   3   4   5   6   7   8   9


    30 0x7fff584a4a80    0   0   0   0148126380832767-196396498332767   0   0
