Main: Beginning execution
     0 0x7fff5a4af6b0    0   1   2   3   4   5   6   7   8   9
     1 0x7fff5a4cf6d0    0   1   2   3   4   5   6   7   8   9
     2 0x7fff5a4ef6f0    0   1   2   3   4   5   6   7   8   9
     3 0x7fff5a50f710    0   1   2   3   4   5   6   7   8   9
     4 0x7fff5a52f730    0   1   2   3   4   5   6   7   8   9
     5 0x7fff5a54f750    0   1   2   3   4   5   6   7   8   9
     6 0x7fff5a56f770    0   1   2   3   4   5   6   7   8   9
     7 0x7fff5a58f790    0   1   2   3   4   5   6   7   8   9
     8 0x7fff5a5af7b0    0   1   2   3   4   5   6   7   8   9
     9 0x7fff5a5cf7d0    0   1   2   3   4   5   6   7   8   9
    10 0x7fff5a5ef7f0    0   1   2   3   4   5   6   7   8   9
    11 0x7fff5a60f810    0   1   2   3   4   5   6   7   8   9
    12 0x7fff5a62f830    0   1   2   3   4   5   6   7   8   9
    13 0x7fff5a64f850    0   1   2   3   4   5   6   7   8   9
    14 0x7fff5a66f870    0   1   2   3   4   5   6   7   8   9
    15 0x7fff5a68f890    0   1   2   3   4   5   6   7   8   9
    16 0x7fff5a6af8b0    0   1   2   3   4   5   6   7   8   9
    17 0x7fff5a6cf8d0    0   1   2   3   4   5   6   7   8   9
    18 0x7fff5a6ef8f0    0   1   2   3   4   5   6   7   8   9
    19 0x7fff5a70f910    0   1   2   3   4   5   6   7   8   9
    20 0x7fff5a72f930    0   1   2   3   4   5   6   7   8   9
    21 0x7fff5a74f950    0   1   2   3   4   5   6   7   8   9
    22 0x7fff5a76f970    0   1   2   3   4   5   6   7   8   9
    23 0x7fff5a78f990    0   1   2   3   4   5   6   7   8   9
    24 0x7fff5a7af9b0    0   1   2   3   4   5   6   7   8   9
    25 0x7fff5a7cf9d0    0   1   2   3   4   5   6   7   8   9
    26 0x7fff5a7ef9f0    0   1   2   3   4   5   6   7   8   9
    27 0x7fff5a80fa10    0   1   2   3   4   5   6   7   8   9
    28 0x7fff5a82fa30    0   1   2   3   4   5   6   7   8   9
    29 0x7fff5a84fa50    0   1   2   3   4   5   6   7   8   9


Main:  and this is why arrays are evil 
    -1 0x7fff5a48f690    0   1   2   3   4   5   6   7   8   9
    -2 0x7fff5a46f670    0   1   2   3   4   5   6   7   8   9
    -3 0x7fff5a44f650    0   1   2   3   4   5   6   7   8   9
    -4 0x7fff5a42f630    0   1   2   3   4   5   6   7   8   9
    -5 0x7fff5a40f610    0   1   2   3   4   5   6   7   8   9
    -6 0x7fff5a3ef5f0    0   1   2   3   4   5   6   7   8   9
    -7 0x7fff5a3cf5d0    0   1   2   3   4   5   6   7   8   9
    -8 0x7fff5a3af5b0    0   1   2   3   4   5   6   7   8   9
    -9 0x7fff5a38f590    0   1   2   3   4   5   6   7   8   9
   -10 0x7fff5a36f570    0   1   2   3   4   5   6   7   8   9
   -11 0x7fff5a34f550    0   1   2   3   4   5   6   7   8   9
   -12 0x7fff5a32f530    0   1   2   3   4   5   6   7   8   9
   -13 0x7fff5a30f510    0   1   2   3   4   5   6   7   8   9
   -14 0x7fff5a2ef4f0    0   1   2   3   4   5   6   7   8   9
   -15 0x7fff5a2cf4d0    0   1   2   3   4   5   6   7   8   9
   -16 0x7fff5a2af4b0    0   1   2   3   4   5   6   7   8   9
   -17 0x7fff5a28f490    0   1   2   3   4   5   6   7   8   9
   -18 0x7fff5a26f470    0   1   2   3   4   5   6   7   8   9
   -19 0x7fff5a24f450    0   1   2   3   4   5   6   7   8   9


    30 0x7fff5a86fa70    0   0   0   0151879544832767-196396498332767-196396498332767
