Main: Beginning execution
     0 0x7fff532536b0    0   1   2   3   4   5   6   7   8   9
     1 0x7fff532736d0    0   1   2   3   4   5   6   7   8   9
     2 0x7fff532936f0    0   1   2   3   4   5   6   7   8   9
     3 0x7fff532b3710    0   1   2   3   4   5   6   7   8   9
     4 0x7fff532d3730    0   1   2   3   4   5   6   7   8   9
     5 0x7fff532f3750    0   1   2   3   4   5   6   7   8   9
     6 0x7fff53313770    0   1   2   3   4   5   6   7   8   9
     7 0x7fff53333790    0   1   2   3   4   5   6   7   8   9
     8 0x7fff533537b0    0   1   2   3   4   5   6   7   8   9
     9 0x7fff533737d0    0   1   2   3   4   5   6   7   8   9
    10 0x7fff533937f0    0   1   2   3   4   5   6   7   8   9
    11 0x7fff533b3810    0   1   2   3   4   5   6   7   8   9
    12 0x7fff533d3830    0   1   2   3   4   5   6   7   8   9
    13 0x7fff533f3850    0   1   2   3   4   5   6   7   8   9
    14 0x7fff53413870    0   1   2   3   4   5   6   7   8   9
    15 0x7fff53433890    0   1   2   3   4   5   6   7   8   9
    16 0x7fff534538b0    0   1   2   3   4   5   6   7   8   9
    17 0x7fff534738d0    0   1   2   3   4   5   6   7   8   9
    18 0x7fff534938f0    0   1   2   3   4   5   6   7   8   9
    19 0x7fff534b3910    0   1   2   3   4   5   6   7   8   9
    20 0x7fff534d3930    0   1   2   3   4   5   6   7   8   9
    21 0x7fff534f3950    0   1   2   3   4   5   6   7   8   9
    22 0x7fff53513970    0   1   2   3   4   5   6   7   8   9
    23 0x7fff53533990    0   1   2   3   4   5   6   7   8   9
    24 0x7fff535539b0    0   1   2   3   4   5   6   7   8   9
    25 0x7fff535739d0    0   1   2   3   4   5   6   7   8   9
    26 0x7fff535939f0    0   1   2   3   4   5   6   7   8   9
    27 0x7fff535b3a10    0   1   2   3   4   5   6   7   8   9
    28 0x7fff535d3a30    0   1   2   3   4   5   6   7   8   9
    29 0x7fff535f3a50    0   1   2   3   4   5   6   7   8   9


Main:  and this is why arrays are evil 
    -1 0x7fff53233690    0   1   2   3   4   5   6   7   8   9
    -2 0x7fff53213670    0   1   2   3   4   5   6   7   8   9
    -3 0x7fff531f3650    0   1   2   3   4   5   6   7   8   9
    -4 0x7fff531d3630    0   1   2   3   4   5   6   7   8   9
    -5 0x7fff531b3610    0   1   2   3   4   5   6   7   8   9
    -6 0x7fff531935f0    0   1   2   3   4   5   6   7   8   9
    -7 0x7fff531735d0    0   1   2   3   4   5   6   7   8   9
    -8 0x7fff531535b0    0   1   2   3   4   5   6   7   8   9
    -9 0x7fff53133590    0   1   2   3   4   5   6   7   8   9
   -10 0x7fff53113570    0   1   2   3   4   5   6   7   8   9
   -11 0x7fff530f3550    0   1   2   3   4   5   6   7   8   9
   -12 0x7fff530d3530    0   1   2   3   4   5   6   7   8   9
   -13 0x7fff530b3510    0   1   2   3   4   5   6   7   8   9
   -14 0x7fff530934f0    0   1   2   3   4   5   6   7   8   9
   -15 0x7fff530734d0    0   1   2   3   4   5   6   7   8   9
   -16 0x7fff530534b0    0   1   2   3   4   5   6   7   8   9
   -17 0x7fff53033490    0   1   2   3   4   5   6   7   8   9
   -18 0x7fff53013470    0   1   2   3   4   5   6   7   8   9
   -19 0x7fff52ff3450    0   1   2   3   4   5   6   7   8   9


    30 0x7fff53613a70    0   0   0   0139888095232767-196396498332767-196396498332767
