Main: Beginning execution
     0 0x7fff571966b0    0   1   2   3   4   5   6   7   8   9
     1 0x7fff571b66d0    0   1   2   3   4   5   6   7   8   9
     2 0x7fff571d66f0    0   1   2   3   4   5   6   7   8   9
     3 0x7fff571f6710    0   1   2   3   4   5   6   7   8   9
     4 0x7fff57216730    0   1   2   3   4   5   6   7   8   9
     5 0x7fff57236750    0   1   2   3   4   5   6   7   8   9
     6 0x7fff57256770    0   1   2   3   4   5   6   7   8   9
     7 0x7fff57276790    0   1   2   3   4   5   6   7   8   9
     8 0x7fff572967b0    0   1   2   3   4   5   6   7   8   9
     9 0x7fff572b67d0    0   1   2   3   4   5   6   7   8   9
    10 0x7fff572d67f0    0   1   2   3   4   5   6   7   8   9
    11 0x7fff572f6810    0   1   2   3   4   5   6   7   8   9
    12 0x7fff57316830    0   1   2   3   4   5   6   7   8   9
    13 0x7fff57336850    0   1   2   3   4   5   6   7   8   9
    14 0x7fff57356870    0   1   2   3   4   5   6   7   8   9
    15 0x7fff57376890    0   1   2   3   4   5   6   7   8   9
    16 0x7fff573968b0    0   1   2   3   4   5   6   7   8   9
    17 0x7fff573b68d0    0   1   2   3   4   5   6   7   8   9
    18 0x7fff573d68f0    0   1   2   3   4   5   6   7   8   9
    19 0x7fff573f6910    0   1   2   3   4   5   6   7   8   9
    20 0x7fff57416930    0   1   2   3   4   5   6   7   8   9
    21 0x7fff57436950    0   1   2   3   4   5   6   7   8   9
    22 0x7fff57456970    0   1   2   3   4   5   6   7   8   9
    23 0x7fff57476990    0   1   2   3   4   5   6   7   8   9
    24 0x7fff574969b0    0   1   2   3   4   5   6   7   8   9
    25 0x7fff574b69d0    0   1   2   3   4   5   6   7   8   9
    26 0x7fff574d69f0    0   1   2   3   4   5   6   7   8   9
    27 0x7fff574f6a10    0   1   2   3   4   5   6   7   8   9
    28 0x7fff57516a30    0   1   2   3   4   5   6   7   8   9
    29 0x7fff57536a50    0   1   2   3   4   5   6   7   8   9


Main:  and this is why arrays are evil 
    -1 0x7fff57176690    0   1   2   3   4   5   6   7   8   9
    -2 0x7fff57156670    0   1   2   3   4   5   6   7   8   9
    -3 0x7fff57136650    0   1   2   3   4   5   6   7   8   9
    -4 0x7fff57116630    0   1   2   3   4   5   6   7   8   9
    -5 0x7fff570f6610    0   1   2   3   4   5   6   7   8   9
    -6 0x7fff570d65f0    0   1   2   3   4   5   6   7   8   9
    -7 0x7fff570b65d0    0   1   2   3   4   5   6   7   8   9
    -8 0x7fff570965b0    0   1   2   3   4   5   6   7   8   9
    -9 0x7fff57076590    0   1   2   3   4   5   6   7   8   9
   -10 0x7fff57056570    0   1   2   3   4   5   6   7   8   9
   -11 0x7fff57036550    0   1   2   3   4   5   6   7   8   9
   -12 0x7fff57016530    0   1   2   3   4   5   6   7   8   9
   -13 0x7fff56ff6510    0   1   2   3   4   5   6   7   8   9
   -14 0x7fff56fd64f0    0   1   2   3   4   5   6   7   8   9
   -15 0x7fff56fb64d0    0   1   2   3   4   5   6   7   8   9
   -16 0x7fff56f964b0    0   1   2   3   4   5   6   7   8   9
   -17 0x7fff56f76490    0   1   2   3   4   5   6   7   8   9
   -18 0x7fff56f56470    0   1   2   3   4   5   6   7   8   9
   -19 0x7fff56f36450    0   1   2   3   4   5   6   7   8   9


    30 0x7fff57556a70    0   0   0   0146521567232767-196396498332767-196396498332767
